$ANSIBLE_VAULT;1.1;AES256
63333563653765623330616539373366313963386330326635396466386431396333383864633036
6238643165343132633532343035666435653737353939370a613636326264633732333734643634
37663135636366323463353263623463653530613561616661656432653939353332383062623735
6664623061653764310a653839613562396664323533376438303839336335303537303234316162
66363238636437353462653331366464393166663365613039646363656237633733363866643536
31346637666235336638363931316637636536363835323162396166376539363763323933376164
38373732653133376162616463306336396630633765666630366336326464346138336637626536
36323336363236623638626630316562643262663465663332313233336532313831336134363834
36613236356335376630623061306439623630376535353635613061396463666436616234353136
63313461323465613737666533326365646136353665383662383864376661643436653137353132
30313065613038626664373034393261653764656363313165346534616239303830356233623332
37323561643861376339666263663135643662323763626132643563373831343864373063613835
33366666623038306465383230383230663133333133383735623432313464353331633064623135
37303762353437373933343332363862396563306261623734353533366331373433343335663639
37653034393832663432386239386164343332346563323038343265316364396139343235356661
31643561633662653266323766636136303931613031666161373364613936326363646330306164
38333761376336623435616562616634373430303966323537643631666537333132653933366237
64633433393830303531633661306230323939663664303865303863383864646438656261353830
63666236303135653165373737633062646332323064626435373234303834633739383331363138
30386538353633383636623431613930663365343064613533393164623030666536363565613230
32353030313966313934396664646634323934396166313139363366366434346236633336623936
36626463366432343432643261336435303334306436316138663564326466313033373230626566
65633630316162313737366636633235356462313739313965633362306664366239316437626630
33643730393436316565373536373962623930313861656362656163306633353630626461303436
34646361626335666362386335376362666264393832613439313036386133653961383761646364
35633037616164396264626165653966333430326635666233346630316466366435363966663461
36633331313863323432383134643163376335383331626637363237383139323235623866373565
65323130333561316166316462613939333239616633323563326538613831336533633862313061
65373061373235646535653961333237303835363134666564323937353563623935316362616336
38346235333265306564373666306365626633306130336365323338386332666363303738656664
63623863353734306337383561383731353635666166373261643832333739373832633961336539
38353038613933313930313463363761343865353661356165356363643237393236396333383933
32633436643131663532353439373861653235396439636462363633393333666232366665336333
61396634323032353830623838333564653239316362346163366465363862323962386538346633
34633733323062636331656235666462643566323636313131343665656665306339303736663161
66633832353361366166313436316339376433366532336339323463633866313433386234393435
38656336363839363139626531383138623861623130343662373033366435613861623538303432
35313631323131323039656137373033373235326635333162363239643237393535623261366665
37326639616365366465326534356130393766643935303063313731346166616461376664653338
36636633656264306538373131333633633438626135663235623537613734383866646331663533
64613466333430343864336431656632393864636636323565653131333837306361393339613139
64633464643562366532393261323136386262313066316565623162333830303064336635646336
37323330323737633434333163633963643838613536373564643761303731663935333363613166
36383433303131303364383831376339643065616633316237373631636163323233643964656165
39363138313936376335643062663964313864646432386463333134386538656234356331633433
35663162393264616431663464313634656165383165656633386631653637666539313763346136
34616133383030626439663136396461663235393636613364643634616665646563653436393766
65363561643161306665666364666631326462653066326239653764373837356333306636333533
61646161626434663030366461656538623033626462636364333862343761396438643166356638
62346531373031313633323436313933373533643236646334373662316162343330633430643564
66323638306263323830353864343235383563363034643032306164373738316535643135346537
66306664336335633632353637633238353064333935326266643438393236633232623832316565
34303132643664306434353436313861613631376235353731626138623862343238306338653832
34343439336131303433393438633732396661666331663361393632366530366462666338393539
36616663306161373165613730333364346463346233646265613330373935383532306565373665
34393335383438316362313333643366303832663839653765613363333532613430653534633036
34336561356336666634306533663838393065386335636663303236306138663863646338336363
62396463333332313237366637633335343133353236326433653935393266663664306337616234
36363536353532333665373561643165343337653065626365393937653063356666336536633030
62656163656538383839646131353532643565616530656161623538326665373761373030356230
64643664353465343762353431376430373466613238623838646237336566343763303635623638
30376639376265613338363663636639373764303666373230643438396137666661616466313565
34623737653836393066653562393130323032636239616365313934343032653439353837663632
31356662613263356638316366623632666662613939363764336630336135323231376636633135
37373065343339323264623664633763316530393431383637613462336134653130656538663034
36323538323937626265616238336333663133373339643131323733373039376132323131306664
33353964353064356639613039326161366539396132333139346534653964626566313032626631
32383364623762356163623037343635623363353035626265663430393364353365336131666130
39333036323862353735643264646334353034643436653930303430623265353031633936376632
35633130646232373763383964653261373333653963646139353864633365366434636463346234
38373665623861633530383763373537396233623835633036653565373133663436366431653566
38663563303265666637383566366537346230383438376235363433306639653362626236666164
39643538343532383738626463636535646532303832336431393339326335306635383430643335
36646130633233343961303939393232303964313833373331366639396565623363353039663434
39633566643162626463303636633631343630323966656535613965383333626337616238626239
39626431373339333764653462353139343236393538343066306330386138356265643331373132
61646164663937666238663331616265353766306465393738353366623230373738343962353061
30363837666661636530626131306539623761663134633463383164326537363461623562653634
36623635336638653563363866363335343038663263393532356465363264373065323733613634
34383166616233323139393262623031643062346136393162626265643762666537393632623061
31393532366362346133633934353362646661316532636465666132396238353337616433323930
30346336373130626234323765313761336437346462303138663631623034323532653735616239
36636133383665393562666666616337373563333761323232353732363433613966643830373639
36633332656236313239373431316565333063396162373632653131336233343333336430613861
39643339353161623438303333343364353235653438326461666162643338663830353638323364
34653463613336653063663731363737353233633233636335633866613432343965383339373138
38353334373931393662633864656335336533323732623362393136346262343935663266623937
34346135346138623964626131636138396364353534313066613136636261656632356332653333
65366230326662363237633935303335643037616565316361653334633937363239363232386661
30383230623962613331313330393332646533626164623163313839306161373164326565623861
65663038383236636461616437633262613166653837666637636233646331376565333061643137
37633334646238386433623665666332363338353332306631626236623661353762616166643835
30336532383565386533306239343465346233323535336134373336613337663463306366656637
37326532326336353331303731663532623235316236636134346232386466336261346463366339
30323735356237326165646536386336326239613065376431656261333435323566353636333632
31306261623363373431636362633434613135353066366563306436663239323533633263366531
36643865373038343036393836343639383739636331623731616230386535323635363133316138
66316135356132633232316430383264316633306136343634653861333336383836376461346636
33633964353733646262376465613865616437306165316664373964633633623539383637353063
64616264363862373434393161393162363061336437613232323833363035323264316335643861
63633934626165663238353337626639313839626161343331633931333236353662653561653530
34396430323432666561643063313866653832333630653633643735363235363463643839353964
62646234663763363437373038306166336434346661323161353732356434303239636266643565
32626338653161623930633865623539393439363161306466326631633164633566383963353630
65376464346463646261313030376433313932363764623835643766653831343030396237306363
38316166353832366338316634313733333436346233633933336461623238366237343232346233
62643139633365333634623464633066393566303730323166383338393733666335376534303032
38393636303636363137333466646466316238613564643661343038616130393861326261323862
32333136336461326432636165376332363162373631653163393435663131666437316436396361
32623532356162306565633438366436313961353761623935326464626532613437313935653264
61346630373862616663383762383639343639623737643539613133326539323631343261663933
61356164346132313238303137363330663334396238313062643931343734313439623735313639
35633566303535643732626366326334306232376163303562656437373538393732363733303538
64626664363336316131613965323862623439656235636133303263303066626364333363616363
65633663326132353563306334383930396634356362383461653830303363383638663732656366
39356634613863626364373739666663393462666261386632383337613036376138333163343134
33633830373264326235343831376335363935643765643363636133343839336437613931666666
36303530333737376237653934623634346235356233386332353933303366316433386633303565
66313139393363613565643862333536383235626339613338333662323864646665616330383531
61636462646530376664333037623634613930356138373234663837623632613664356234643161
65306331356636373938363630663738616536306332303338393733623964653664313262623165
35653065376536373661306233656634623738303435353139666563303434393838313332346430
37666236323966313035303231353936383064613935643739343632333762616363613339646235
63376234383465393637623833326532616232623366343330346266353038653531623935663132
34386331353230666337356666653632366661646532636632383164313565323838636436343635
36636562653732613335613738373531616162376238633430663539616132323461343538336364
34626563356364393265393764393337376335636666656135356533336261353336343031393765
36643936666663656334386465393635613630646236376636346564646365316166663334326363
33656266383966633738313163323730363532326232313463323436663137383337356536316262
32633035633334666236623661623264313063666332616532376233643037346362613161373761
30373764363738656334316664623061613461353134393733323864663333653161356637613034
38343235303536336534333837383234376637363331353862323833316538666561386636636538
34623535343432316132626536303330313266623730623462633830393462356662353932323866
31616339306332353664333363313765323265393663366239646164353665343664306362626539
34663330393539646130653631383262336335323236376632633030306433336638356136316263
32636661666630333837353565376665643434386639333135343234363135666430663565353166
63663664323230346665386137353833323434363530383666343338366636333563383339313533
31623537323732346666333065323439303937323935343537643438353066343236303965336335
36306138346236386364363664643938633636636638313637313464393037333465663632626231
66623862336439633835353637623361346330663263316237623633393637663731643835323734
65656436613361303631343561633832633161623365366264353337363138303533363261336363
61613733306232346634626535373136386235663030393736376563653936613034386530386237
30303636643462376330663964363530616261613666386135323831643930633738613033636665
31303331346466643530623037666537343666316463396536326632383038646165393031373230
62366539613663386139613939613562643664323930393061616132373533633233656339333362
35333061363164333436366261383934313865363336383063653933306235626332333964643764
64343836383930353136386137656634393539626338356530373962383132303036393564623330
64383835373561366435303962643931396366653761376263623831656162333038646364636633
34383639396364613566396666623236643331323135623835336233353363616362326534343733
35623231333362323866626136383866316438373437386336343239313038316664333939663334
34393231636163663861336661333763636233646431326630386631653964373034643335666435
61333832643061313637343632363137306430616365353935353330393065316633303530633538
36383362376435623732306331326662626130333865383864393939313930386232303266383862
64616533393136636163623332393966663233623833326561626433323531326437353364613066
35646664376432663135393631353030366237323935393637663566396639343164653335303465
32613831353261653661643736353238636534336661623237303261346465343065336163356661
34353665383066656362313331323439663162646433633630663932363534356365303963633134
61653430303233333137393962306366333064613164356434386433643662346137303730623633
30663733383137333733326439343264366134326531343137373364626336336263666365383764
61396435313066346336646138343863383662633438393133326136373964336537376232666532
66303564313464386261333063373863353435613037396166356538323831336233306264306439
65323863373232633938366437393666383137303162333737633231613637363538653231363161
31646134383637353139353562363332373063616566373664336633653861313136343662663433
33666330626139623333336331376265323333313164326332366264376333363033303466646436
66623238346630623738323037623031313630623830653536333463636232316437393563363864
3338636338613132363663343761616331353862346434656439
